0.00012612342834472656
0.00012087821960449219
0.00012087821960449219
0.00012016296386718750
0.00012302398681640625
0.00097465515136718750
0.00069379806518554688
0.00069093704223632812
0.00068616867065429688
0.00068306922912597656
0.00231099128723144531
0.00455403327941894531
0.00231289863586425781
0.00232887268066406250
0.00252914428710937500
0.00794911384582519531
0.01131391525268554688
0.00713086128234863281
0.00785708427429199219
0.00763583183288574219
0.01216006278991699219
0.01234793663024902344
0.01165008544921875000
0.01046419143676757812
0.00978803634643554688
0.01560282707214355469
0.01831102371215820312
0.01583623886108398438
0.01580381393432617188
0.01569604873657226562
0.02487087249755859375
0.02268099784851074219
0.02202916145324707031
0.02171015739440917969
0.02186989784240722656
0.03264999389648437500
0.03245687484741210938
0.03276181221008300781
0.03262591361999511719
0.03260588645935058594
0.04652690887451171875
0.04631686210632324219
0.04804301261901855469
0.04812288284301757812
0.04641008377075195312
0.06360101699829101562
0.06431198120117187500
0.06523108482360839844
0.06537175178527832031
0.06511306762695312500
0.08696389198303222656
0.08661079406738281250
0.08628487586975097656
0.08635997772216796875
0.08494997024536132812
0.10998821258544921875
0.10938978195190429688
0.11067795753479003906
0.11161398887634277344
0.11019802093505859375
0.13927292823791503906
0.13977217674255371094
0.13998079299926757812
0.14076733589172363281
0.13985705375671386719
0.17432188987731933594
0.17557382583618164062
0.17590713500976562500
0.17359495162963867188
0.17379117012023925781
0.21457290649414062500
0.21470689773559570312
0.21318984031677246094
0.21432805061340332031
0.21527791023254394531
0.26031684875488281250
0.26002311706542968750
0.26068091392517089844
0.26055216789245605469
0.25994014739990234375
0.31304788589477539062
0.31235718727111816406
0.31202888488769531250
0.31266427040100097656
0.31300020217895507812
0.37537121772766113281
0.37763476371765136719
0.37066602706909179688
0.37207174301147460938
0.36964988708496093750
0.43532490730285644531
0.43538498878479003906
0.43788909912109375000
0.46297001838684082031
0.46660804748535156250
0.51205205917358398438
0.51090598106384277344
0.50894093513488769531
0.50954318046569824219
0.50984716415405273438
0.58932709693908691406
0.58681321144104003906
0.59183382987976074219
0.59149384498596191406
0.60169219970703125000
0.67720913887023925781
0.67407703399658203125
0.67921495437622070312
0.67602396011352539062
0.67963099479675292969
0.77990198135375976562
0.84146475791931152344
0.77571082115173339844
0.77526879310607910156
0.77810001373291015625
0.88268589973449707031
0.88411903381347656250
0.87882804870605468750
0.87567114830017089844
0.88113784790039062500
0.99722599983215332031
0.99734091758728027344
1.04520034790039062500
1.02339315414428710938
0.99597311019897460938
1.12177896499633789062
1.12552189826965332031
1.12101674079895019531
1.11852979660034179688
1.11404585838317871094
1.26197409629821777344
1.27338910102844238281
1.31537103652954101562
1.26239490509033203125
1.25927090644836425781
1.40064930915832519531
1.40324497222900390625
1.39896392822265625000
1.41060018539428710938
1.46542096138000488281
1.57180285453796386719
1.55715513229370117188
1.55716824531555175781
1.56130194664001464844
1.55239987373352050781
1.73207902908325195312
1.86540222167968750000
1.72683477401733398438
1.73043489456176757812
1.73852324485778808594
2.01055192947387695312
1.96988582611083984375
1.93002438545227050781
1.91602873802185058594
1.91367292404174804688
2.09924101829528808594
2.11579418182373046875
2.17179799079895019531
2.10843014717102050781
2.10555481910705566406
2.31071400642395019531
2.42967486381530761719
2.30677103996276855469
2.30387187004089355469
2.31617879867553710938
2.52963137626647949219
2.60773015022277832031
2.54198074340820312500
2.53621196746826171875
2.63817095756530761719
3.05172801017761230469
2.76748418807983398438
2.77169895172119140625
2.83195495605468750000
2.79277610778808593750
3.01621294021606445312
3.01922631263732910156
3.15244007110595703125
3.01796507835388183594
3.02394819259643554688
3.35765314102172851562
3.27422595024108886719
3.27526807785034179688
3.32801008224487304688
3.32562184333801269531
3.54400920867919921875
3.55724740028381347656
3.54063725471496582031
4.15429496765136718750
3.69606089591979980469
4.00830006599426269531
4.34962391853332519531
4.44725298881530761719
3.85995697975158691406
3.86461901664733886719
4.14722895622253417969
4.15095400810241699219
4.23163914680480957031
4.14953708648681640625
4.28543424606323242188
4.46813011169433593750
4.47659111022949218750
4.47859096527099609375
4.47149801254272460938
4.53862190246582031250
4.77682113647460937500
4.89761495590209960938
4.80538392066955566406
4.92961096763610839844
4.78796601295471191406
5.21602296829223632812
5.16590881347656250000
5.56008195877075195312
5.19082212448120117188
5.16697072982788085938
5.52304196357727050781
5.64537596702575683594
5.51621603965759277344
5.60033011436462402344
5.56032514572143554688
6.02112507820129394531
5.91085600852966308594
6.01731181144714355469
5.90210604667663574219
5.97121310234069824219
6.38869118690490722656
6.30535888671875000000
6.40327811241149902344
6.30835509300231933594
6.39035081863403320312
6.85051393508911132812
6.72822928428649902344
6.84977507591247558594
7.51564407348632812500
7.27697491645812988281
7.72960495948791503906
7.28617000579833984375
7.47543621063232421875
7.17873096466064453125
8.47147703170776367188
7.81718707084655761719
7.90237903594970703125
7.68598794937133789062
7.92062115669250488281
7.92905616760253906250
8.40985488891601562500
8.52142000198364257812
8.71324872970581054688
9.96702909469604492188
8.64328789710998535156
